3.63E-04
5.18E-05
2.10E-05
1.91E-05
9.26E-06
8.02E-06
8.02E-06
9.87E-06
7.40E-06
1.05E-05
1.36E-05
9.87E-06
9.87E-06
1.60E-05
1.42E-05
1.42E-05
2.28E-05
2.10E-05
3.52E-05
3.02E-05
4.13E-05
4.07E-05
4.20E-05
3.15E-05
4.32E-05
3.64E-05
3.95E-05
4.32E-05
4.26E-05
5.18E-05
5.12E-05
4.50E-05
6.17E-05
5.12E-05
6.36E-05
5.49E-05
6.85E-05
9.07E-05
1.07E-04
1.18E-04
1.26E-04
1.34E-04
1.89E-04
1.59E-04
1.91E-04
2.18E-04
2.46E-04
2.90E-04
3.22E-04
3.44E-04
3.79E-04
4.13E-04
4.41E-04
4.75E-04
5.18E-04
5.62E-04
6.44E-04
6.55E-04
7.06E-04
8.04E-04
7.94E-04
8.50E-04
9.28E-04
1.09E-03
1.64E-04
1.37E-03
1.19E-03
1.26E-03
1.25E-03
1.32E-03
1.37E-03
1.55E-03
1.65E-03
1.73E-03
1.86E-03
2.01E-03
2.13E-03
2.21E-03
2.43E-03
2.60E-03
2.88E-03
2.91E-03
2.98E-03
2.96E-03
3.02E-03
3.08E-03
3.08E-03
3.11E-03
2.93E-03
2.75E-03
2.53E-03
4.33E-01